40 45 
542 679 747 764 612 690 795 514 698 729 710 653 544 540 748 709 702 539 601 462 658 506 684 605 701 679 817 719 592 692 676 706 655 654 597 705 690 689 584 595 680 589 444 705 635 
602 673 656 630 538 555 652 449 678 627 554 517 480 523 641 507 504 519 476 458 564 528 521 521 562 620 787 471 619 544 512 522 483 581 450 656 618 649 352 508 550 542 416 579 503 
541 644 654 603 620 612 717 490 642 647 529 487 498 469 669 552 536 463 549 471 514 526 556 511 556 630 677 495 505 573 573 604 595 576 456 600 526 614 453 538 631 573 501 570 557 
556 592 646 643 544 613 718 522 719 596 512 464 514 541 778 577 614 529 527 428 557 515 598 570 669 704 743 562 534 578 510 595 560 508 464 648 626 629 412 551 630 524 474 593 564 
534 610 713 735 586 642 742 611 735 664 674 505 581 604 789 647 680 473 584 545 766 576 672 628 636 735 810 680 614 589 630 699 605 668 546 641 652 675 514 538 735 513 533 690 607 
496 677 725 624 663 590 695 429 668 577 633 577 467 532 735 682 523 470 537 538 552 591 561 667 640 623 775 530 630 590 523 660 557 462 456 594 598 682 379 562 619 574 403 578 466 
581 699 757 712 642 654 756 555 685 643 718 552 600 531 749 715 746 439 640 577 708 647 706 616 625 737 773 659 573 539 663 708 735 643 483 652 659 621 501 600 666 454 466 788 588 
640 709 812 748 729 646 769 509 789 731 706 608 619 615 749 637 641 565 551 589 612 617 662 677 626 636 823 622 663 675 683 644 510 697 610 672 661 754 453 657 608 548 502 730 632 
491 627 550 584 535 525 630 447 606 639 496 441 457 517 655 608 501 420 535 370 452 540 532 400 526 556 674 476 464 578 558 571 494 521 369 656 534 595 380 560 533 475 398 557 541 
527 720 721 709 613 725 633 511 715 657 561 534 572 568 666 695 606 436 628 483 592 585 601 611 614 593 719 611 575 543 598 651 614 556 553 710 587 642 452 629 531 498 406 723 641 
548 733 705 640 592 686 735 491 746 638 602 559 543 546 746 666 642 537 519 477 536 544 616 523 697 677 840 620 578 740 660 584 575 591 498 738 646 739 451 650 579 547 418 607 583 
486 644 646 604 531 599 709 477 552 624 574 552 459 493 719 668 582 429 554 486 613 518 644 593 580 653 712 556 571 553 561 670 626 531 394 565 564 636 502 574 652 457 384 640 491 
476 616 588 699 546 515 580 504 655 590 649 476 549 593 696 667 518 460 571 456 623 550 590 518 577 534 709 584 636 505 527 640 554 532 423 627 658 594 384 420 579 498 440 587 607 
513 569 677 642 629 565 670 503 624 591 599 502 543 512 644 583 569 465 583 527 603 536 576 595 526 651 776 545 570 472 519 705 518 517 522 603 597 640 468 546 579 489 417 684 562 
534 658 624 627 558 587 717 480 609 575 590 580 534 515 694 560 553 495 517 482 521 452 639 529 559 579 723 553 550 543 603 558 607 559 435 584 580 666 524 555 604 480 410 573 561 
530 661 677 732 625 556 695 514 645 661 634 570 524 487 704 516 562 386 581 511 510 643 546 568 569 684 735 572 529 546 532 670 585 524 451 654 568 652 435 595 571 527 467 617 570 
592 702 640 754 577 598 747 540 737 667 610 572 589 640 764 680 550 557 526 542 658 625 587 738 665 576 764 484 681 571 533 690 552 584 458 683 649 762 420 545 643 526 489 650 589 
667 813 795 808 757 695 747 629 682 803 735 719 697 709 831 757 693 531 734 630 773 642 778 716 725 733 916 680 826 640 702 807 730 701 581 817 708 849 576 684 705 592 575 819 633 
588 694 789 738 672 676 751 608 800 715 636 485 645 598 790 635 621 455 696 633 680 683 626 647 571 702 833 582 572 608 636 687 588 633 458 682 679 716 417 615 599 487 489 783 631 
464 505 588 617 488 524 648 499 646 607 561 425 474 629 733 553 542 505 513 426 561 442 523 522 523 608 678 441 469 578 476 513 470 522 416 584 606 612 371 454 522 422 473 583 502 
488 551 586 592 535 494 627 452 633 609 534 520 444 484 689 526 514 391 494 424 486 540 520 484 524 582 661 521 516 563 536 605 490 536 400 572 569 663 414 523 547 467 417 544 504 
458 475 498 529 411 394 434 436 499 612 509 443 429 475 574 454 484 386 434 361 527 384 543 391 430 495 555 484 546 436 446 533 480 584 395 507 531 519 377 398 432 393 377 552 489 
607 634 659 584 582 602 706 609 770 613 574 394 600 594 824 678 588 531 537 539 693 566 699 603 576 706 812 577 627 566 629 630 593 613 394 623 693 702 454 507 697 437 485 673 514 
646 838 774 888 735 797 864 633 769 761 804 645 737 704 832 793 703 632 665 629 716 649 751 716 721 755 918 696 721 741 702 716 707 655 578 812 747 827 586 643 694 551 541 811 701 
608 686 780 682 661 729 810 537 832 653 653 635 628 586 805 645 681 545 633 607 599 610 664 624 613 655 843 653 581 657 734 667 623 706 540 670 692 821 565 681 656 547 478 718 639 
576 691 698 728 549 659 812 457 679 640 642 629 552 565 676 668 674 536 596 516 659 546 601 599 621 675 823 552 577 568 630 673 646 656 522 703 640 692 541 609 676 571 418 698 574 
628 751 728 732 648 630 758 519 755 654 643 572 598 643 792 744 627 552 642 573 639 608 670 680 625 706 878 582 648 519 579 722 666 596 473 717 690 678 474 612 711 638 454 705 564 
559 658 667 676 531 592 664 476 695 680 561 445 612 682 769 631 528 561 608 546 655 521 654 643 587 617 824 498 653 552 599 597 562 626 422 712 638 689 387 558 599 509 458 687 512 
490 558 583 646 491 532 673 482 656 598 580 450 547 523 708 582 580 510 529 417 530 482 599 543 556 581 706 614 508 564 611 585 491 526 380 619 636 667 475 494 617 449 446 563 582 
585 738 701 645 610 644 747 635 748 646 565 506 554 594 777 605 604 481 570 554 631 541 623 614 579 715 822 547 561 583 591 614 585 561 411 648 634 755 474 594 660 518 463 622 628 
579 743 746 719 578 734 668 474 722 735 523 550 538 598 745 605 648 507 619 509 576 576 584 643 669 744 754 569 608 617 545 591 640 572 469 732 616 713 398 625 580 608 482 686 577 
610 807 934 721 790 828 750 561 809 744 712 616 605 641 857 757 763 487 730 693 735 635 765 788 709 757 842 746 695 655 726 733 743 699 605 702 684 776 487 713 679 603 507 837 690 
534 510 600 457 561 474 604 446 624 547 450 362 405 491 630 492 467 325 499 479 570 461 513 515 370 576 689 450 482 451 569 553 404 587 390 530 511 616 376 496 579 408 382 585 417 
696 813 773 745 675 723 751 549 690 802 597 671 548 583 793 614 669 490 585 591 683 616 687 699 699 743 748 561 731 648 581 652 711 687 496 688 651 776 443 632 611 548 511 778 612 
564 598 634 526 493 539 626 457 599 589 508 523 356 435 662 578 497 386 499 401 581 638 481 523 555 625 620 402 596 513 416 637 531 497 393 564 549 595 327 555 525 398 344 621 443 
494 533 548 518 499 543 575 496 621 493 491 437 474 412 602 573 535 357 448 440 621 477 537 489 514 555 672 551 543 468 531 582 512 535 400 528 578 611 434 407 574 391 355 581 446 
489 689 646 631 589 646 727 456 535 646 520 595 414 525 686 557 619 371 521 481 560 509 548 567 659 666 672 439 478 599 519 542 630 523 439 622 462 664 403 611 563 478 428 618 481 
572 693 825 643 646 725 713 468 788 690 576 508 552 569 802 666 632 495 686 597 630 547 627 690 632 713 846 630 600 646 647 659 643 648 491 707 669 692 421 611 644 652 477 708 515 
509 635 659 665 618 615 632 398 702 554 573 497 539 566 676 749 580 482 532 470 520 524 573 694 605 576 731 589 573 522 559 657 553 475 521 691 632 627 419 546 537 504 393 665 493 
488 629 681 522 585 649 629 510 638 625 509 516 447 466 693 679 570 452 518 495 613 523 540 621 646 613 719 523 599 627 489 665 535 517 446 574 558 676 404 531 610 555 427 596 452 
